-62.72, 0.85, 20
-61.706, -0.516, 20
-59.934, 0.371, 77.349
-58.379, 1.627, 73.994
-56.907, 2.981, 70.478
-55.478, 4.381, 66.777
-54.072, 5.803, 62.858
-52.676, 7.234, 58.679
-51.279, 8.666, 54.177
-49.872, 10.087, 49.266
-48.442, 11.486, 43.809
-46.97, 12.84, 37.567
-45.414, 14.094, 30.058
-43.64, 14.978, 20
-42.649, 13.579, 20
-43.559, 12.888, 46.655
-44.61, 14.586, 90.979
-45.51, 16.371, 95.976
-46.355, 18.184, 97.93
-47.173, 20.009, 98.467
-47.97, 21.844, 99.134
-48.755, 23.683, 99.348
-49.533, 25.526, 99.514
-50.304, 27.371, 99.646
-51.07, 29.218, 99.841
-51.834, 31.067, 99.915
-52.596, 32.916, 99.98
-53.358, 34.765, 99.962
-54.119, 36.615, 99.91
-54.88, 38.464, 97.689
-55.643, 40.313, 95.054
-56.407, 42.161, 92.343
-57.174, 44.008, 89.55
-57.943, 45.855, 86.667
-58.715, 47.699, 83.685
-59.491, 49.543, 80.593
-60.271, 51.385, 77.377
-61.055, 53.225, 74.022
-61.844, 55.062, 70.507
-62.638, 56.898, 66.807
-63.439, 58.731, 62.891
-64.247, 60.56, 58.713
-65.062, 62.386, 54.215
-65.885, 64.209, 49.308
-66.718, 66.028, 43.855
-67.563, 67.84, 37.62
-68.432, 69.642, 30.121
-69.397, 71.39, 20
-69.111, 69.746, 93.755
-68.477, 67.85, 98.297
-67.815, 65.962, 98.957
-67.139, 64.08, 99.32
-66.455, 62.201, 99.537
-65.764, 60.324, 99.674
-65.069, 58.448, 99.767
-64.372, 56.574, 99.831
-63.672, 54.7, 99.878
-62.97, 52.827, 99.878
-62.267, 50.955, 99.913
-61.562, 49.083, 99.94
-60.857, 47.212, 99.962
-60.151, 45.341, 99.962
-59.444, 43.47, 99.98
-58.737, 41.599, 99.98
-58.03, 39.728, 99.995
-57.323, 37.857, 99.991
-56.615, 35.986, 99.991
-55.908, 34.116, 99.979
-55.201, 32.245, 99.979
-54.494, 30.374, 99.967
-53.787, 28.503, 99.967
-53.081, 26.632, 99.956
-52.375, 24.761, 99.944
-51.67, 22.889, 99.944
-50.965, 21.017, 99.932
-50.261, 19.145, 99.932
-49.558, 17.273, 99.919
-48.855, 15.4, 99.919
-48.154, 13.527, 99.905
-47.453, 11.654, 99.905
-46.754, 9.78, 99.89
-46.056, 7.906, 99.872
-45.36, 6.031, 99.872
-44.664, 4.156, 99.851
-43.97, 2.28, 99.851
-43.279, 0.404, 99.826
-42.588, -1.473, 99.826
-41.9, -3.351, 99.796
-41.214, -5.23, 99.76
-40.531, -7.11, 99.76
-39.85, -8.99, 99.715
-39.172, -10.872, 99.715
-38.885, -12.69, 97.697
-40.128, -14.256, 97.465
-41.347, -15.842, 97.225
-42.54, -17.447, 96.982
-43.704, -19.074, 96.742
-44.835, -20.723, 96.298
-45.926, -22.399, 96.114
-46.979, -24.099, 95.967
-47.988, -25.826, 95.825
-48.951, -27.579, 95.846
-49.868, -29.356, 96.096
-50.74, -31.156, 96.325
-51.568, -32.976, 96.965
-52.361, -34.813, 97.779
-53.12, -36.663, 98.218
-53.858, -38.521, 99.092
-54.582, -40.386, 97.495
-55.298, -42.254, 94.854
-56.013, -44.121, 92.137
-56.734, -45.987, 89.338
-57.464, -47.849, 86.448
-58.207, -49.706, 83.458
-58.964, -51.557, 80.357
-59.738, -53.401, 77.131
-60.528, -55.238, 73.765
-61.336, -57.068, 70.237
-62.16, -58.89, 66.523
-63.001, -60.705, 62.588
-63.858, -62.512, 58.389
-64.731, -64.311, 53.864
-65.616, -66.104, 48.921
-66.496, -67.901, 43.42
-67.327, -69.72, 37.113
-68.036, -71.588, 29.491
-68.041, -73.437, 20
-66.29, -72.62, 79.104
-64.767, -71.325, 94.032
-63.316, -69.949, 96.314
-61.904, -68.532, 97.585
-60.518, -67.091, 98.349
-59.148, -65.633, 98.838
-57.791, -64.164, 99.166
-56.443, -62.687, 99.396
-55.101, -61.204, 99.396
-53.768, -59.713, 99.563
-52.437, -58.22, 99.688
-51.11, -56.724, 99.786
-49.787, -55.224, 99.786
-48.466, -53.723, 99.864
-47.146, -52.22, 99.864
-45.828, -50.715, 99.928
-44.511, -49.211, 99.983
-43.194, -47.705, 99.983
-41.878, -46.199, 99.968
-40.562, -44.693, 99.968
-39.245, -43.188, 99.924
-37.928, -41.682, 99.924
-36.611, -40.178, 99.882
-35.292, -38.674, 99.841
-33.972, -37.171, 99.841
-32.652, -35.669, 99.8
-31.329, -34.17, 99.8
-30.004, -32.671, 99.757
-28.678, -31.174, 99.757
-27.349, -29.679, 99.711
-26.019, -28.186, 99.711
-24.685, -26.696, 99.661
-23.349, -25.207, 99.661
-22.008, -23.723, 99.605
-20.666, -22.24, 99.605
-19.319, -20.762, 99.542
-17.97, -19.286, 99.542
-16.613, -17.816, 99.468
-15.255, -16.348, 99.38
-13.889, -14.887, 99.38
-12.52, -13.429, 99.276
-11.144, -11.978, 99.276
-9.761, -10.533, 99.149
-8.374, -9.093, 99.149
-6.975, -7.663, 98.991
-5.573, -6.237, 98.923
-3.905, -5.795, 98.95
-1.981, -6.341, 98.759
-0.061, -6.901, 98.531
1.853, -7.48, 97.945
3.761, -8.08, 97.574
5.659, -8.709, 96.644
7.546, -9.374, 95.455
9.414, -10.089, 94.071
11.256, -10.867, 92.718
13.061, -11.728, 91.753
14.82, -12.678, 93.552
16.539, -13.7, 99.452
18.246, -14.743, 96.864
19.968, -15.76, 95.598
21.715, -16.733, 95.748
23.488, -17.658, 96.279
25.283, -18.54, 96.929
27.096, -19.386, 97.551
28.921, -20.204, 97.927
30.824, -20, 98.767
32.748, -19.453, 98.567
34.666, -18.888, 98.075
36.578, -18.299, 97.084
38.479, -17.679, 96.281
40.366, -17.015, 95.101
42.231, -16.294, 94.702
44.072, -15.512, 96.993
45.895, -14.69, 99.464
47.717, -13.866, 97.783
49.55, -13.065, 97.336
51.396, -12.295, 97.308
53.254, -11.554, 94.662
55.121, -10.838, 91.94
56.477, -11.39, 89.895
57.225, -13.244, 90.999
57.866, -15.139, 92.227
58.412, -17.062, 93.478
58.876, -19.008, 94.677
59.272, -20.968, 95.774
59.612, -22.939, 96.746
59.904, -24.917, 97.182
60.159, -26.901, 97.957
60.386, -28.888, 98.297
60.589, -30.877, 98.892
60.777, -32.869, 99.148
60.953, -34.861, 99.59
61.121, -36.854, 99.779
61.286, -38.847, 99.948
61.449, -40.84, 99.767
61.614, -42.834, 99.647
61.782, -44.827, 99.542
61.955, -46.819, 99.449
62.134, -48.811, 99.368
62.321, -50.802, 98.698
62.517, -52.793, 96.09
62.723, -54.782, 93.409
62.94, -56.77, 90.649
63.167, -58.757, 87.802
63.405, -60.743, 84.86
63.655, -62.727, 81.812
63.917, -64.71, 78.646
64.191, -66.691, 75.347
64.478, -68.67, 71.897
64.777, -70.648, 68.273
65.099, -72.622, 64.446
65.513, -73.769, 61.995
65.428, -71.771, 98.041
65.288, -69.776, 98.892
65.131, -67.782, 99.552
64.964, -65.789, 99.694
64.792, -63.797, 99.694
64.615, -61.805, 99.784
64.436, -59.813, 99.845
64.255, -57.821, 99.887
64.072, -55.829, 99.919
63.887, -53.838, 99.919
63.702, -51.846, 99.942
63.516, -49.855, 99.96
63.328, -47.864, 99.96
63.141, -45.873, 99.975
62.953, -43.881, 99.987
62.764, -41.89, 99.987
62.576, -39.899, 99.997
62.387, -37.908, 99.997
62.199, -35.917, 99.994
62.01, -33.926, 99.994
61.821, -31.935, 99.986
61.633, -29.944, 99.978
61.444, -27.953, 99.978
61.256, -25.962, 99.97
61.068, -23.97, 99.97
60.881, -21.979, 99.963
60.694, -19.988, 99.963
60.507, -17.997, 99.955
60.321, -16.005, 99.955
60.135, -14.014, 99.946
59.95, -12.023, 99.946
59.766, -10.031, 99.937
59.582, -8.04, 99.937
59.4, -6.048, 99.927
59.218, -4.056, 99.915
59.037, -2.064, 99.915
58.857, -0.073, 99.901
58.678, 1.919, 99.901
58.5, 3.911, 99.885
58.324, 5.904, 99.885
58.149, 7.896, 99.866
57.975, 9.888, 99.866
57.804, 11.881, 99.842
57.633, 13.874, 99.842
57.466, 15.867, 99.813
57.299, 17.86, 99.8
57.396, 19.848, 99.881
57.635, 21.834, 99.856
57.876, 23.819, 99.856
58.119, 25.804, 99.824
58.364, 27.789, 98.258
58.611, 29.774, 95.638
58.861, 31.758, 92.945
59.115, 33.742, 90.17
59.373, 35.725, 87.308
59.637, 37.708, 84.349
59.909, 39.689, 81.282
60.19, 41.669, 78.094
60.487, 43.647, 74.771
60.805, 45.622, 71.293
61.156, 47.591, 67.637
61.545, 49.553, 63.771
61.952, 51.511, 59.655
62.345, 53.472, 55.234
62.713, 55.438, 50.426
63.06, 57.407, 45.108
63.391, 59.38, 39.074
63.711, 61.354, 31.918
64.021, 63.33, 22.6
64.326, 65.317, 0
64.326, 65.317, 0
67.357, 85.086, 0
endData
127
100
200
-62.72, 0.85, -62.72, -7.024, -42.648, 21.476, -42.648, 13.602
-42.648, 13.602, -42.648, 5.728, -54.573, 39.578, -66.498, 65.553
-66.498, 65.553, -78.423, 91.529, -52.566, 26.59, -38.633, -12.374
-38.633, -12.374, -54.691, -32.21, -52.211, -39.412, -65.79, -66.451
-65.79, -66.451, -79.368, -93.489, -35.327, -35.988, -4.865, -5.526
-4.865, -5.526, 18.986, -12.138, 12.256, -12.964, 29.376, -20.403
29.376, -20.403, 45.67, -15.916, 42.718, -15.444, 56.061, -10.485
56.061, -10.485, 61.728, -22.292, 60.193, -39.058, 64.326, -67.632
64.326, -67.632, 68.458, -96.205, 60.783, -24.535, 57.241, 18.561
57.241, 18.561, 61.964, 57.997, 60.783, 41.939, 64.326, 65.317
#PATH.JERRYIO-DATA {"appVersion":"0.8.3","format":"LemLib v0.5","gc":{"robotWidth":12,"robotHeight":12,"robotIsHolonomic":false,"showRobot":false,"uol":2.54,"pointDensity":2,"controlMagnetDistance":1.968503937007874,"fieldImage":{"displayName":"V5RC 2025 - High Stakes (Skills)","signature":"V5RC 2025 - High Stakes (Skills)","origin":{"__type":"built-in"}},"coordinateSystem":"VEX Gaming Positioning System"},"paths":[{"segments":[{"controls":[{"uid":"SiahFivhXk","x":-62.719760810132804,"y":0.8501172398963837,"lock":false,"visible":true,"heading":0,"__type":"end-point"},{"uid":"7n6Jx7TIE5","x":-62.719760810132804,"y":-7.023898508135118,"lock":false,"visible":true,"__type":"control"},{"uid":"NpDiML9mz1","x":-42.64754820146832,"y":21.475891586373557,"lock":false,"visible":true,"__type":"control"},{"uid":"n2ZWACjliJ","x":-42.64754820146832,"y":13.601875838342059,"lock":false,"visible":true,"heading":0,"__type":"end-point"}],"speedProfiles":[],"lookaheadKeyframes":[],"uid":"6FhvjWB0ib"},{"controls":[{"uid":"n2ZWACjliJ","x":-42.64754820146832,"y":13.601875838342059,"lock":false,"visible":true,"heading":0,"__type":"end-point"},{"uid":"lZ1JLPGOpM","x":-42.64754820146832,"y":5.7278600903105605,"lock":false,"visible":true,"__type":"control"},{"uid":"Rm6QbhAM7m","x":-54.572803927792506,"y":39.577680390731395,"lock":false,"visible":true,"__type":"control"},{"uid":"Uix3FH1Kbe","x":-66.4980596541167,"y":65.55348494312074,"lock":false,"visible":true,"heading":0,"__type":"end-point"}],"speedProfiles":[],"lookaheadKeyframes":[],"uid":"Gij49MkwSg"},{"controls":[{"uid":"Uix3FH1Kbe","x":-66.4980596541167,"y":65.55348494312074,"lock":false,"visible":true,"heading":0,"__type":"end-point"},{"uid":"F87gdYxOgK","x":-78.4233153804409,"y":91.52928949551008,"lock":false,"visible":true,"__type":"control"},{"uid":"3YK0f5hP2G","x":-52.56558266692606,"y":26.589778114536728,"lock":false,"visible":true,"__type":"control"},{"uid":"X6cfUSjYey","x":-38.63310567973542,"y":-12.37392871404728,"lock":false,"visible":true,"heading":0,"__type":"end-point"}],"speedProfiles":[],"lookaheadKeyframes":[],"uid":"7tyvJX0tR8"},{"controls":[{"uid":"X6cfUSjYey","x":-38.63310567973542,"y":-12.37392871404728,"lock":false,"visible":true,"heading":0,"__type":"end-point"},{"uid":"KlkSVkbMqk","x":-54.69087576666701,"y":-32.209997644962776,"lock":false,"visible":true,"__type":"control"},{"uid":"zuEBan65oZ","x":-52.21136715030257,"y":-39.41237981630709,"lock":false,"visible":true,"__type":"control"},{"uid":"eI7FPRE8fT","x":-65.78962862086972,"y":-66.4508309185669,"lock":false,"visible":true,"heading":0,"__type":"end-point"}],"speedProfiles":[],"lookaheadKeyframes":[],"uid":"KCZjnTDxUB"},{"controls":[{"uid":"eI7FPRE8fT","x":-65.78962862086972,"y":-66.4508309185669,"lock":false,"visible":true,"heading":0,"__type":"end-point"},{"uid":"pjX8DKzXD3","x":-79.36789009143686,"y":-93.48928202082669,"lock":false,"visible":true,"__type":"control"},{"uid":"fkhlQf26Va","x":-35.3270941912495,"y":-35.98829648894667,"lock":false,"visible":true,"__type":"control"},{"uid":"NcaeG44T9W","x":-4.864559761629281,"y":-5.525762059326453,"lock":false,"visible":true,"heading":0,"__type":"end-point"}],"speedProfiles":[],"lookaheadKeyframes":[],"uid":"I3aVexL4P6"},{"controls":[{"uid":"NcaeG44T9W","x":-4.864559761629281,"y":-5.525762059326453,"lock":false,"visible":true,"heading":0,"__type":"end-point"},{"uid":"85qR0uuE9U","x":18.98595169101911,"y":-12.137785036298284,"lock":false,"visible":true,"__type":"control"},{"uid":"qTY7yRsQdZ","x":12.255856875172782,"y":-12.964287908419763,"lock":false,"visible":true,"__type":"control"},{"uid":"iyAGN5KZiy","x":29.376273511974844,"y":-20.402813757513073,"lock":false,"visible":true,"heading":0,"__type":"end-point"}],"speedProfiles":[],"lookaheadKeyframes":[],"uid":"sUvjJjbcwA"},{"controls":[{"uid":"iyAGN5KZiy","x":29.376273511974844,"y":-20.402813757513073,"lock":false,"visible":true,"heading":0,"__type":"end-point"},{"uid":"LYoNmDz3co","x":45.670187276655426,"y":-15.916083880282189,"lock":false,"visible":true,"__type":"control"},{"uid":"PKviWBgRwf","x":42.718391304793,"y":-15.4437965247842,"lock":false,"visible":true,"__type":"control"},{"uid":"1WuaCORnFA","x":56.06050909761117,"y":-10.484779292055327,"lock":false,"visible":true,"heading":0,"__type":"end-point"}],"speedProfiles":[],"lookaheadKeyframes":[],"uid":"i5SosKuS5D"},{"controls":[{"uid":"1WuaCORnFA","x":56.06050909761117,"y":-10.484779292055327,"lock":false,"visible":true,"heading":0,"__type":"end-point"},{"uid":"6PIF0Xp4uB","x":61.72795736358702,"y":-22.291963179505025,"lock":false,"visible":true,"__type":"control"},{"uid":"IiVbsjazHE","x":60.19302345821856,"y":-39.0581642996836,"lock":false,"visible":true,"__type":"control"},{"uid":"hQkHaXyP3q","x":64.32553781882595,"y":-67.63154930731187,"lock":false,"visible":true,"heading":0,"__type":"end-point"}],"speedProfiles":[],"lookaheadKeyframes":[],"uid":"6qn8vVashh"},{"controls":[{"uid":"hQkHaXyP3q","x":64.32553781882595,"y":-67.63154930731187,"lock":false,"visible":true,"heading":0,"__type":"end-point"},{"uid":"qH5PgLdmQQ","x":68.45805217943334,"y":-96.20493431494015,"lock":false,"visible":true,"__type":"control"},{"uid":"caVxjQN40d","x":60.783382652591044,"y":-24.535328118120468,"lock":false,"visible":true,"__type":"control"},{"uid":"TqTlm7EQ10","x":57.24122748635613,"y":18.560893071070932,"lock":false,"visible":true,"heading":0,"__type":"end-point"}],"speedProfiles":[],"lookaheadKeyframes":[],"uid":"6tW6tYBibe"},{"controls":[{"uid":"TqTlm7EQ10","x":57.24122748635613,"y":18.560893071070932,"lock":false,"visible":true,"heading":0,"__type":"end-point"},{"uid":"jtWIoi4H8P","x":61.964101041336015,"y":57.99688725515293,"lock":false,"visible":true,"__type":"control"},{"uid":"2Qp6zZ4eNF","x":60.783382652591044,"y":41.93911716822134,"lock":false,"visible":true,"__type":"control"},{"uid":"Awh62T0fTk","x":64.32553781882595,"y":65.31734126537174,"lock":false,"visible":true,"heading":0,"__type":"end-point"}],"speedProfiles":[],"lookaheadKeyframes":[],"uid":"N3mrJbGJrz"}],"pc":{"speedLimit":{"minLimit":{"value":0,"label":"0"},"maxLimit":{"value":127,"label":"127"},"step":1,"from":20,"to":100},"bentRateApplicableRange":{"minLimit":{"value":0,"label":"0"},"maxLimit":{"value":1,"label":"1"},"step":0.001,"from":0,"to":0.1},"maxDecelerationRate":127},"name":"Path","uid":"2v7vr8l86u","lock":false,"visible":true}]}